0.000000000000000000e+00 0.000000000000000000e+00
1.000000014901161194e-01 1.000000000000000000e+02
2.000000029802322388e-01 2.000000000000000000e+02
3.000000119209289551e-01 3.000000000000000000e+02
4.000000059604644775e-01 4.000000000000000000e+02
5.000000000000000000e-01 5.000000000000000000e+02
6.000000238418579102e-01 6.000000000000000000e+02
6.999999880790710449e-01 7.000000000000000000e+02
8.000000119209289551e-01 8.000000000000000000e+02
8.999999761581420898e-01 9.000000000000000000e+02
1.000000000000000000e+00 1.000000000000000000e+03
1.100000023841857910e+00 1.100000000000000000e+03
1.200000047683715820e+00 1.200000000000000000e+03
1.299999952316284180e+00 1.300000000000000000e+03
1.399999976158142090e+00 1.400000000000000000e+03
1.500000000000000000e+00 1.500000000000000000e+03
1.600000023841857910e+00 1.600000000000000000e+03
1.700000047683715820e+00 1.700000000000000000e+03
1.799999952316284180e+00 1.800000000000000000e+03
1.899999976158142090e+00 1.900000000000000000e+03
2.000000000000000000e+00 2.000000000000000000e+03
2.099999904632568359e+00 2.100000000000000000e+03
2.200000047683715820e+00 2.200000000000000000e+03
2.299999952316284180e+00 2.300000000000000000e+03
2.400000095367431641e+00 2.400000000000000000e+03
2.500000000000000000e+00 2.500000000000000000e+03
2.599999904632568359e+00 2.600000000000000000e+03
2.700000047683715820e+00 2.700000000000000000e+03
2.799999952316284180e+00 2.800000000000000000e+03
2.900000095367431641e+00 2.900000000000000000e+03
3.000000000000000000e+00 3.000000000000000000e+03
3.099999904632568359e+00 3.100000000000000000e+03
3.200000047683715820e+00 3.200000000000000000e+03
3.299999952316284180e+00 3.300000000000000000e+03
3.400000095367431641e+00 3.400000000000000000e+03
3.500000000000000000e+00 3.500000000000000000e+03
3.599999904632568359e+00 3.600000000000000000e+03
3.700000047683715820e+00 3.700000000000000000e+03
3.799999952316284180e+00 3.800000000000000000e+03
3.900000095367431641e+00 3.900000000000000000e+03
4.000000000000000000e+00 4.000000000000000000e+03
4.099999904632568359e+00 4.100000000000000000e+03
4.199999809265136719e+00 4.200000000000000000e+03
4.300000190734863281e+00 4.300000000000000000e+03
4.400000095367431641e+00 4.400000000000000000e+03
4.500000000000000000e+00 4.500000000000000000e+03
4.599999904632568359e+00 4.600000000000000000e+03
4.699999809265136719e+00 4.700000000000000000e+03
4.800000190734863281e+00 4.800000000000000000e+03
4.900000095367431641e+00 4.900000000000000000e+03
5.000000000000000000e+00 5.000000000000000000e+03
5.099999904632568359e+00 5.100000000000000000e+03
5.199999809265136719e+00 5.200000000000000000e+03
5.300000190734863281e+00 5.300000000000000000e+03
5.400000095367431641e+00 5.400000000000000000e+03
5.500000000000000000e+00 5.500000000000000000e+03
5.599999904632568359e+00 5.600000000000000000e+03
5.699999809265136719e+00 5.700000000000000000e+03
5.800000190734863281e+00 5.800000000000000000e+03
5.900000095367431641e+00 5.900000000000000000e+03
6.000000000000000000e+00 6.000000000000000000e+03
6.099999904632568359e+00 6.100000000000000000e+03
6.199999809265136719e+00 6.200000000000000000e+03
6.300000190734863281e+00 6.300000000000000000e+03
6.400000095367431641e+00 6.400000000000000000e+03
6.500000000000000000e+00 6.500000000000000000e+03
6.599999904632568359e+00 6.600000000000000000e+03
6.699999809265136719e+00 6.700000000000000000e+03
6.800000190734863281e+00 6.800000000000000000e+03
6.900000095367431641e+00 6.900000000000000000e+03
7.000000000000000000e+00 7.000000000000000000e+03
7.099999904632568359e+00 7.100000000000000000e+03
7.199999809265136719e+00 7.200000000000000000e+03
7.300000190734863281e+00 7.300000000000000000e+03
7.400000095367431641e+00 7.400000000000000000e+03
7.500000000000000000e+00 7.500000000000000000e+03
7.599999904632568359e+00 7.600000000000000000e+03
7.699999809265136719e+00 7.700000000000000000e+03
7.800000190734863281e+00 7.800000000000000000e+03
7.900000095367431641e+00 7.900000000000000000e+03
8.000000000000000000e+00 8.000000000000000000e+03
8.100000381469726562e+00 8.100000000000000000e+03
8.199999809265136719e+00 8.200000000000000000e+03
8.300000190734863281e+00 8.300000000000000000e+03
8.399999618530273438e+00 8.400000000000000000e+03
8.500000000000000000e+00 8.500000000000000000e+03
8.600000381469726562e+00 8.600000000000000000e+03
8.699999809265136719e+00 8.700000000000000000e+03
8.800000190734863281e+00 8.800000000000000000e+03
8.899999618530273438e+00 8.900000000000000000e+03
9.000000000000000000e+00 9.000000000000000000e+03
9.100000381469726562e+00 9.100000000000000000e+03
9.199999809265136719e+00 9.200000000000000000e+03
9.300000190734863281e+00 9.300000000000000000e+03
9.399999618530273438e+00 9.400000000000000000e+03
9.500000000000000000e+00 9.500000000000000000e+03
9.600000381469726562e+00 9.600000000000000000e+03
9.699999809265136719e+00 9.700000000000000000e+03
9.800000190734863281e+00 9.800000000000000000e+03
9.899999618530273438e+00 9.900000000000000000e+03
1.000000000000000000e+01 1.000000000000000000e+04
1.010000038146972656e+01 1.010000000000000000e+04
1.019999980926513672e+01 1.020000000000000000e+04
1.030000019073486328e+01 1.030000000000000000e+04
1.039999961853027344e+01 1.040000000000000000e+04
1.050000000000000000e+01 1.050000000000000000e+04
1.060000038146972656e+01 1.060000000000000000e+04
1.069999980926513672e+01 1.070000000000000000e+04
1.080000019073486328e+01 1.080000000000000000e+04
1.089999961853027344e+01 1.090000000000000000e+04
1.100000000000000000e+01 1.100000000000000000e+04
1.110000038146972656e+01 1.110000000000000000e+04
1.119999980926513672e+01 1.120000000000000000e+04
1.130000019073486328e+01 1.130000000000000000e+04
1.139999961853027344e+01 1.140000000000000000e+04
1.150000000000000000e+01 1.150000000000000000e+04
1.160000038146972656e+01 1.160000000000000000e+04
1.169999980926513672e+01 1.170000000000000000e+04
1.180000019073486328e+01 1.180000000000000000e+04
1.189999961853027344e+01 1.190000000000000000e+04
1.200000000000000000e+01 1.200000000000000000e+04
1.210000038146972656e+01 1.210000000000000000e+04
1.219999980926513672e+01 1.220000000000000000e+04
1.230000019073486328e+01 1.230000000000000000e+04
1.239999961853027344e+01 1.240000000000000000e+04
1.250000000000000000e+01 1.250000000000000000e+04
1.260000038146972656e+01 1.260000000000000000e+04
1.269999980926513672e+01 1.270000000000000000e+04
1.280000019073486328e+01 1.280000000000000000e+04
1.289999961853027344e+01 1.290000000000000000e+04
1.300000000000000000e+01 1.300000000000000000e+04
1.310000038146972656e+01 1.310000000000000000e+04
1.319999980926513672e+01 1.320000000000000000e+04
1.330000019073486328e+01 1.330000000000000000e+04
1.339999961853027344e+01 1.340000000000000000e+04
1.350000000000000000e+01 1.350000000000000000e+04
1.360000038146972656e+01 1.360000000000000000e+04
1.369999980926513672e+01 1.370000000000000000e+04
1.380000019073486328e+01 1.380000000000000000e+04
1.389999961853027344e+01 1.390000000000000000e+04
1.400000000000000000e+01 1.400000000000000000e+04
1.410000038146972656e+01 1.410000000000000000e+04
1.419999980926513672e+01 1.420000000000000000e+04
1.430000019073486328e+01 1.430000000000000000e+04
1.439999961853027344e+01 1.440000000000000000e+04
1.450000000000000000e+01 1.450000000000000000e+04
1.460000038146972656e+01 1.460000000000000000e+04
1.469999980926513672e+01 1.470000000000000000e+04
1.480000019073486328e+01 1.480000000000000000e+04
1.489999961853027344e+01 1.490000000000000000e+04
1.500000000000000000e+01 1.500000000000000000e+04
1.510000038146972656e+01 1.510000000000000000e+04
1.519999980926513672e+01 1.520000000000000000e+04
1.530000019073486328e+01 1.530000000000000000e+04
1.539999961853027344e+01 1.540000000000000000e+04
1.550000000000000000e+01 1.550000000000000000e+04
1.560000038146972656e+01 1.560000000000000000e+04
1.569999980926513672e+01 1.570000000000000000e+04
1.580000019073486328e+01 1.580000000000000000e+04
1.589999961853027344e+01 1.590000000000000000e+04
1.600000000000000000e+01 1.600000000000000000e+04
1.610000038146972656e+01 1.610000000000000000e+04
1.620000076293945312e+01 1.620000000000000000e+04
1.629999923706054688e+01 1.630000000000000000e+04
1.639999961853027344e+01 1.640000000000000000e+04
1.650000000000000000e+01 1.650000000000000000e+04
1.660000038146972656e+01 1.660000000000000000e+04
1.670000076293945312e+01 1.670000000000000000e+04
1.679999923706054688e+01 1.680000000000000000e+04
1.689999961853027344e+01 1.690000000000000000e+04
1.700000000000000000e+01 1.700000000000000000e+04
1.710000038146972656e+01 1.710000000000000000e+04
1.720000076293945312e+01 1.720000000000000000e+04
1.729999923706054688e+01 1.730000000000000000e+04
1.739999961853027344e+01 1.740000000000000000e+04
1.750000000000000000e+01 1.750000000000000000e+04
1.760000038146972656e+01 1.760000000000000000e+04
1.770000076293945312e+01 1.770000000000000000e+04
1.779999923706054688e+01 1.780000000000000000e+04
1.789999961853027344e+01 1.790000000000000000e+04
1.800000000000000000e+01 1.800000000000000000e+04
1.810000038146972656e+01 1.810000000000000000e+04
1.820000076293945312e+01 1.820000000000000000e+04
1.829999923706054688e+01 1.830000000000000000e+04
1.839999961853027344e+01 1.840000000000000000e+04
1.850000000000000000e+01 1.850000000000000000e+04
1.860000038146972656e+01 1.860000000000000000e+04
1.870000076293945312e+01 1.870000000000000000e+04
1.879999923706054688e+01 1.880000000000000000e+04
1.889999961853027344e+01 1.890000000000000000e+04
1.900000000000000000e+01 1.900000000000000000e+04
1.910000038146972656e+01 1.910000000000000000e+04
1.920000076293945312e+01 1.920000000000000000e+04
1.929999923706054688e+01 1.930000000000000000e+04
1.939999961853027344e+01 1.940000000000000000e+04
1.950000000000000000e+01 1.950000000000000000e+04
1.960000038146972656e+01 1.960000000000000000e+04
1.970000076293945312e+01 1.970000000000000000e+04
1.979999923706054688e+01 1.980000000000000000e+04
1.989999961853027344e+01 1.990000000000000000e+04
2.000000000000000000e+01 2.000000000000000000e+04
2.010000038146972656e+01 2.010000000000000000e+04
2.020000076293945312e+01 2.020000000000000000e+04
2.029999923706054688e+01 2.030000000000000000e+04
2.039999961853027344e+01 2.040000000000000000e+04
2.050000000000000000e+01 2.050000000000000000e+04
2.060000038146972656e+01 2.060000000000000000e+04
2.070000076293945312e+01 2.070000000000000000e+04
2.079999923706054688e+01 2.080000000000000000e+04
2.089999961853027344e+01 2.090000000000000000e+04
2.100000000000000000e+01 2.100000000000000000e+04
2.110000038146972656e+01 2.110000000000000000e+04
2.120000076293945312e+01 2.120000000000000000e+04
2.129999923706054688e+01 2.130000000000000000e+04
2.139999961853027344e+01 2.140000000000000000e+04
2.150000000000000000e+01 2.150000000000000000e+04
2.160000038146972656e+01 2.160000000000000000e+04
2.170000076293945312e+01 2.170000000000000000e+04
2.179999923706054688e+01 2.180000000000000000e+04
2.189999961853027344e+01 2.190000000000000000e+04
2.200000000000000000e+01 2.200000000000000000e+04
2.210000038146972656e+01 2.210000000000000000e+04
2.220000076293945312e+01 2.220000000000000000e+04
2.229999923706054688e+01 2.230000000000000000e+04
2.239999961853027344e+01 2.240000000000000000e+04
2.250000000000000000e+01 2.250000000000000000e+04
2.260000038146972656e+01 2.260000000000000000e+04
2.270000076293945312e+01 2.270000000000000000e+04
2.279999923706054688e+01 2.280000000000000000e+04
2.289999961853027344e+01 2.290000000000000000e+04
2.300000000000000000e+01 2.300000000000000000e+04
2.310000038146972656e+01 2.310000000000000000e+04
2.320000076293945312e+01 2.320000000000000000e+04
2.329999923706054688e+01 2.330000000000000000e+04
2.339999961853027344e+01 2.340000000000000000e+04
2.350000000000000000e+01 2.350000000000000000e+04
2.360000038146972656e+01 2.360000000000000000e+04
2.370000076293945312e+01 2.370000000000000000e+04
2.379999923706054688e+01 2.380000000000000000e+04
2.389999961853027344e+01 2.390000000000000000e+04
2.400000000000000000e+01 2.400000000000000000e+04
2.410000038146972656e+01 2.410000000000000000e+04
2.420000076293945312e+01 2.420000000000000000e+04
2.429999923706054688e+01 2.430000000000000000e+04
2.439999961853027344e+01 2.440000000000000000e+04
2.450000000000000000e+01 2.450000000000000000e+04
2.460000038146972656e+01 2.460000000000000000e+04
2.470000076293945312e+01 2.470000000000000000e+04
2.479999923706054688e+01 2.480000000000000000e+04
2.489999961853027344e+01 2.490000000000000000e+04
2.500000000000000000e+01 2.500000000000000000e+04
2.510000038146972656e+01 2.510000000000000000e+04
2.520000076293945312e+01 2.520000000000000000e+04
2.529999923706054688e+01 2.530000000000000000e+04
2.539999961853027344e+01 2.540000000000000000e+04
2.550000000000000000e+01 2.550000000000000000e+04
2.560000038146972656e+01 2.560000000000000000e+04
2.570000076293945312e+01 2.570000000000000000e+04
2.579999923706054688e+01 2.580000000000000000e+04
2.589999961853027344e+01 2.590000000000000000e+04
2.600000000000000000e+01 2.600000000000000000e+04
2.610000038146972656e+01 2.610000000000000000e+04
2.620000076293945312e+01 2.620000000000000000e+04
2.629999923706054688e+01 2.630000000000000000e+04
2.639999961853027344e+01 2.640000000000000000e+04
2.650000000000000000e+01 2.650000000000000000e+04
2.660000038146972656e+01 2.660000000000000000e+04
2.670000076293945312e+01 2.670000000000000000e+04
2.679999923706054688e+01 2.680000000000000000e+04
2.689999961853027344e+01 2.690000000000000000e+04
2.700000000000000000e+01 2.700000000000000000e+04
2.710000038146972656e+01 2.710000000000000000e+04
2.720000076293945312e+01 2.720000000000000000e+04
2.729999923706054688e+01 2.730000000000000000e+04
2.739999961853027344e+01 2.740000000000000000e+04
2.750000000000000000e+01 2.750000000000000000e+04
2.760000038146972656e+01 2.760000000000000000e+04
2.770000076293945312e+01 2.770000000000000000e+04
2.779999923706054688e+01 2.780000000000000000e+04
2.789999961853027344e+01 2.790000000000000000e+04
2.800000000000000000e+01 2.800000000000000000e+04
2.810000038146972656e+01 2.810000000000000000e+04
2.820000076293945312e+01 2.820000000000000000e+04
2.829999923706054688e+01 2.830000000000000000e+04
2.839999961853027344e+01 2.840000000000000000e+04
2.850000000000000000e+01 2.850000000000000000e+04
2.860000038146972656e+01 2.860000000000000000e+04
2.870000076293945312e+01 2.870000000000000000e+04
2.879999923706054688e+01 2.880000000000000000e+04
2.889999961853027344e+01 2.890000000000000000e+04
2.900000000000000000e+01 2.900000000000000000e+04
2.910000038146972656e+01 2.910000000000000000e+04
2.920000076293945312e+01 2.920000000000000000e+04
2.929999923706054688e+01 2.930000000000000000e+04
2.939999961853027344e+01 2.940000000000000000e+04
2.950000000000000000e+01 2.950000000000000000e+04
2.960000038146972656e+01 2.960000000000000000e+04
2.970000076293945312e+01 2.970000000000000000e+04
2.979999923706054688e+01 2.980000000000000000e+04
2.989999961853027344e+01 2.990000000000000000e+04
3.000000000000000000e+01 3.000000000000000000e+04
3.010000038146972656e+01 3.010000000000000000e+04
3.020000076293945312e+01 3.020000000000000000e+04
3.029999923706054688e+01 3.030000000000000000e+04
3.039999961853027344e+01 3.040000000000000000e+04
3.050000000000000000e+01 3.050000000000000000e+04
3.060000038146972656e+01 3.060000000000000000e+04
3.070000076293945312e+01 3.070000000000000000e+04
3.079999923706054688e+01 3.080000000000000000e+04
3.089999961853027344e+01 3.090000000000000000e+04
3.100000000000000000e+01 3.100000000000000000e+04
3.110000038146972656e+01 3.110000000000000000e+04
3.120000076293945312e+01 3.120000000000000000e+04
3.129999923706054688e+01 3.130000000000000000e+04
3.139999961853027344e+01 3.140000000000000000e+04
3.150000000000000000e+01 3.150000000000000000e+04
3.160000038146972656e+01 3.160000000000000000e+04
3.170000076293945312e+01 3.170000000000000000e+04
3.179999923706054688e+01 3.180000000000000000e+04
3.189999961853027344e+01 3.190000000000000000e+04
3.200000000000000000e+01 3.200000000000000000e+04
3.209999847412109375e+01 3.210000000000000000e+04
3.220000076293945312e+01 3.220000000000000000e+04
3.229999923706054688e+01 3.230000000000000000e+04
3.240000152587890625e+01 3.240000000000000000e+04
3.250000000000000000e+01 3.250000000000000000e+04
3.259999847412109375e+01 3.260000000000000000e+04
3.270000076293945312e+01 3.270000000000000000e+04
3.279999923706054688e+01 3.280000000000000000e+04
3.290000152587890625e+01 3.290000000000000000e+04
3.300000000000000000e+01 3.300000000000000000e+04
3.309999847412109375e+01 3.310000000000000000e+04
3.320000076293945312e+01 3.320000000000000000e+04
3.329999923706054688e+01 3.330000000000000000e+04
3.340000152587890625e+01 3.340000000000000000e+04
3.350000000000000000e+01 3.350000000000000000e+04
3.359999847412109375e+01 3.360000000000000000e+04
3.370000076293945312e+01 3.370000000000000000e+04
3.379999923706054688e+01 3.380000000000000000e+04
3.390000152587890625e+01 3.390000000000000000e+04
3.400000000000000000e+01 3.400000000000000000e+04
3.409999847412109375e+01 3.410000000000000000e+04
3.420000076293945312e+01 3.420000000000000000e+04
3.429999923706054688e+01 3.430000000000000000e+04
3.440000152587890625e+01 3.440000000000000000e+04
3.450000000000000000e+01 3.450000000000000000e+04
3.459999847412109375e+01 3.460000000000000000e+04
3.470000076293945312e+01 3.470000000000000000e+04
3.479999923706054688e+01 3.480000000000000000e+04
3.490000152587890625e+01 3.490000000000000000e+04
3.500000000000000000e+01 3.500000000000000000e+04
3.509999847412109375e+01 3.510000000000000000e+04
3.520000076293945312e+01 3.520000000000000000e+04
3.529999923706054688e+01 3.530000000000000000e+04
3.540000152587890625e+01 3.540000000000000000e+04
3.550000000000000000e+01 3.550000000000000000e+04
3.559999847412109375e+01 3.560000000000000000e+04
3.570000076293945312e+01 3.570000000000000000e+04
3.579999923706054688e+01 3.580000000000000000e+04
3.590000152587890625e+01 3.590000000000000000e+04
3.600000000000000000e+01 3.600000000000000000e+04
3.609999847412109375e+01 3.610000000000000000e+04
3.620000076293945312e+01 3.620000000000000000e+04
3.629999923706054688e+01 3.630000000000000000e+04
3.640000152587890625e+01 3.640000000000000000e+04
3.650000000000000000e+01 3.650000000000000000e+04
3.659999847412109375e+01 3.660000000000000000e+04
3.670000076293945312e+01 3.670000000000000000e+04
3.679999923706054688e+01 3.680000000000000000e+04
3.690000152587890625e+01 3.690000000000000000e+04
3.700000000000000000e+01 3.700000000000000000e+04
3.709999847412109375e+01 3.710000000000000000e+04
3.720000076293945312e+01 3.720000000000000000e+04
3.729999923706054688e+01 3.730000000000000000e+04
3.740000152587890625e+01 3.740000000000000000e+04
3.750000000000000000e+01 3.750000000000000000e+04
3.759999847412109375e+01 3.760000000000000000e+04
3.770000076293945312e+01 3.770000000000000000e+04
3.779999923706054688e+01 3.780000000000000000e+04
3.790000152587890625e+01 3.790000000000000000e+04
3.800000000000000000e+01 3.800000000000000000e+04
3.809999847412109375e+01 3.810000000000000000e+04
3.820000076293945312e+01 3.820000000000000000e+04
3.829999923706054688e+01 3.830000000000000000e+04
3.840000152587890625e+01 3.840000000000000000e+04
3.850000000000000000e+01 3.850000000000000000e+04
3.859999847412109375e+01 3.860000000000000000e+04
3.870000076293945312e+01 3.870000000000000000e+04
3.879999923706054688e+01 3.880000000000000000e+04
3.890000152587890625e+01 3.890000000000000000e+04
3.900000000000000000e+01 3.900000000000000000e+04
3.909999847412109375e+01 3.910000000000000000e+04
3.920000076293945312e+01 3.920000000000000000e+04
3.929999923706054688e+01 3.930000000000000000e+04
3.940000152587890625e+01 3.940000000000000000e+04
3.950000000000000000e+01 3.950000000000000000e+04
3.959999847412109375e+01 3.960000000000000000e+04
3.970000076293945312e+01 3.970000000000000000e+04
3.979999923706054688e+01 3.980000000000000000e+04
3.990000152587890625e+01 3.990000000000000000e+04
4.000000000000000000e+01 4.000000000000000000e+04
4.009999847412109375e+01 4.010000000000000000e+04
4.020000076293945312e+01 4.020000000000000000e+04
4.029999923706054688e+01 4.030000000000000000e+04
4.040000152587890625e+01 4.040000000000000000e+04
4.050000000000000000e+01 4.050000000000000000e+04
4.059999847412109375e+01 4.060000000000000000e+04
4.070000076293945312e+01 4.070000000000000000e+04
4.079999923706054688e+01 4.080000000000000000e+04
4.090000152587890625e+01 4.090000000000000000e+04
4.100000000000000000e+01 4.100000000000000000e+04
4.109999847412109375e+01 4.110000000000000000e+04
4.120000076293945312e+01 4.120000000000000000e+04
4.129999923706054688e+01 4.130000000000000000e+04
4.140000152587890625e+01 4.140000000000000000e+04
4.150000000000000000e+01 4.150000000000000000e+04
4.159999847412109375e+01 4.160000000000000000e+04
4.170000076293945312e+01 4.170000000000000000e+04
4.179999923706054688e+01 4.180000000000000000e+04
4.190000152587890625e+01 4.190000000000000000e+04
4.200000000000000000e+01 4.200000000000000000e+04
4.209999847412109375e+01 4.210000000000000000e+04
4.220000076293945312e+01 4.220000000000000000e+04
4.229999923706054688e+01 4.230000000000000000e+04
4.240000152587890625e+01 4.240000000000000000e+04
4.250000000000000000e+01 4.250000000000000000e+04
4.259999847412109375e+01 4.260000000000000000e+04
4.270000076293945312e+01 4.270000000000000000e+04
4.279999923706054688e+01 4.280000000000000000e+04
4.290000152587890625e+01 4.290000000000000000e+04
4.300000000000000000e+01 4.300000000000000000e+04
4.309999847412109375e+01 4.310000000000000000e+04
4.320000076293945312e+01 4.320000000000000000e+04
4.329999923706054688e+01 4.330000000000000000e+04
4.340000152587890625e+01 4.340000000000000000e+04
4.350000000000000000e+01 4.350000000000000000e+04
4.359999847412109375e+01 4.360000000000000000e+04
4.370000076293945312e+01 4.370000000000000000e+04
4.379999923706054688e+01 4.380000000000000000e+04
4.390000152587890625e+01 4.390000000000000000e+04
4.400000000000000000e+01 4.400000000000000000e+04
4.409999847412109375e+01 4.410000000000000000e+04
4.420000076293945312e+01 4.420000000000000000e+04
4.429999923706054688e+01 4.430000000000000000e+04
4.440000152587890625e+01 4.440000000000000000e+04
4.450000000000000000e+01 4.450000000000000000e+04
4.459999847412109375e+01 4.460000000000000000e+04
4.470000076293945312e+01 4.470000000000000000e+04
4.479999923706054688e+01 4.480000000000000000e+04
4.490000152587890625e+01 4.490000000000000000e+04
4.500000000000000000e+01 4.500000000000000000e+04
4.509999847412109375e+01 4.510000000000000000e+04
4.520000076293945312e+01 4.520000000000000000e+04
4.529999923706054688e+01 4.530000000000000000e+04
4.540000152587890625e+01 4.540000000000000000e+04
4.550000000000000000e+01 4.550000000000000000e+04
4.559999847412109375e+01 4.560000000000000000e+04
4.570000076293945312e+01 4.570000000000000000e+04
4.579999923706054688e+01 4.580000000000000000e+04
4.590000152587890625e+01 4.590000000000000000e+04
4.600000000000000000e+01 4.600000000000000000e+04
4.609999847412109375e+01 4.610000000000000000e+04
4.620000076293945312e+01 4.620000000000000000e+04
4.629999923706054688e+01 4.630000000000000000e+04
4.640000152587890625e+01 4.640000000000000000e+04
4.650000000000000000e+01 4.650000000000000000e+04
4.659999847412109375e+01 4.660000000000000000e+04
4.670000076293945312e+01 4.670000000000000000e+04
4.679999923706054688e+01 4.680000000000000000e+04
4.690000152587890625e+01 4.690000000000000000e+04
4.700000000000000000e+01 4.700000000000000000e+04
4.709999847412109375e+01 4.710000000000000000e+04
4.720000076293945312e+01 4.720000000000000000e+04
4.729999923706054688e+01 4.730000000000000000e+04
4.740000152587890625e+01 4.740000000000000000e+04
4.750000000000000000e+01 4.750000000000000000e+04
4.759999847412109375e+01 4.760000000000000000e+04
4.770000076293945312e+01 4.770000000000000000e+04
4.779999923706054688e+01 4.780000000000000000e+04
4.790000152587890625e+01 4.790000000000000000e+04
4.800000000000000000e+01 4.800000000000000000e+04
4.809999847412109375e+01 4.810000000000000000e+04
4.820000076293945312e+01 4.820000000000000000e+04
4.829999923706054688e+01 4.830000000000000000e+04
4.840000152587890625e+01 4.840000000000000000e+04
4.850000000000000000e+01 4.850000000000000000e+04
4.859999847412109375e+01 4.860000000000000000e+04
4.870000076293945312e+01 4.870000000000000000e+04
4.879999923706054688e+01 4.880000000000000000e+04
4.890000152587890625e+01 4.890000000000000000e+04
4.900000000000000000e+01 4.900000000000000000e+04
4.909999847412109375e+01 4.910000000000000000e+04
4.920000076293945312e+01 4.920000000000000000e+04
4.929999923706054688e+01 4.930000000000000000e+04
4.940000152587890625e+01 4.940000000000000000e+04
4.950000000000000000e+01 4.950000000000000000e+04
4.959999847412109375e+01 4.960000000000000000e+04
4.970000076293945312e+01 4.970000000000000000e+04
4.979999923706054688e+01 4.980000000000000000e+04
4.990000152587890625e+01 4.990000000000000000e+04
5.000000000000000000e+01 5.000000000000000000e+04
5.009999847412109375e+01 5.010000000000000000e+04
5.020000076293945312e+01 5.020000000000000000e+04
5.029999923706054688e+01 5.030000000000000000e+04
5.040000152587890625e+01 5.040000000000000000e+04
5.050000000000000000e+01 5.050000000000000000e+04
5.059999847412109375e+01 5.060000000000000000e+04
5.070000076293945312e+01 5.070000000000000000e+04
5.079999923706054688e+01 5.080000000000000000e+04
5.090000152587890625e+01 5.090000000000000000e+04
5.100000000000000000e+01 5.100000000000000000e+04
5.109999847412109375e+01 5.110000000000000000e+04
5.120000076293945312e+01 5.120000000000000000e+04
5.129999923706054688e+01 5.130000000000000000e+04
5.140000152587890625e+01 5.140000000000000000e+04
5.150000000000000000e+01 5.150000000000000000e+04
5.159999847412109375e+01 5.160000000000000000e+04
5.170000076293945312e+01 5.170000000000000000e+04
5.179999923706054688e+01 5.180000000000000000e+04
5.190000152587890625e+01 5.190000000000000000e+04
5.200000000000000000e+01 5.200000000000000000e+04
5.209999847412109375e+01 5.210000000000000000e+04
5.220000076293945312e+01 5.220000000000000000e+04
5.229999923706054688e+01 5.230000000000000000e+04
5.240000152587890625e+01 5.240000000000000000e+04
5.250000000000000000e+01 5.250000000000000000e+04
5.259999847412109375e+01 5.260000000000000000e+04
5.270000076293945312e+01 5.270000000000000000e+04
5.279999923706054688e+01 5.280000000000000000e+04
5.290000152587890625e+01 5.290000000000000000e+04
5.300000000000000000e+01 5.300000000000000000e+04
5.309999847412109375e+01 5.310000000000000000e+04
5.320000076293945312e+01 5.320000000000000000e+04
5.329999923706054688e+01 5.330000000000000000e+04
5.340000152587890625e+01 5.340000000000000000e+04
5.350000000000000000e+01 5.350000000000000000e+04
5.359999847412109375e+01 5.360000000000000000e+04
5.370000076293945312e+01 5.370000000000000000e+04
5.379999923706054688e+01 5.380000000000000000e+04
5.390000152587890625e+01 5.390000000000000000e+04
5.400000000000000000e+01 5.400000000000000000e+04
5.409999847412109375e+01 5.410000000000000000e+04
5.420000076293945312e+01 5.420000000000000000e+04
5.429999923706054688e+01 5.430000000000000000e+04
5.440000152587890625e+01 5.440000000000000000e+04
5.450000000000000000e+01 5.450000000000000000e+04
5.459999847412109375e+01 5.460000000000000000e+04
5.470000076293945312e+01 5.470000000000000000e+04
5.479999923706054688e+01 5.480000000000000000e+04
5.490000152587890625e+01 5.490000000000000000e+04
5.500000000000000000e+01 5.500000000000000000e+04
5.509999847412109375e+01 5.510000000000000000e+04
5.520000076293945312e+01 5.520000000000000000e+04
5.529999923706054688e+01 5.530000000000000000e+04
5.540000152587890625e+01 5.540000000000000000e+04
5.550000000000000000e+01 5.550000000000000000e+04
5.559999847412109375e+01 5.560000000000000000e+04
5.570000076293945312e+01 5.570000000000000000e+04
5.579999923706054688e+01 5.580000000000000000e+04
5.590000152587890625e+01 5.590000000000000000e+04
5.600000000000000000e+01 5.600000000000000000e+04
5.609999847412109375e+01 5.610000000000000000e+04
5.620000076293945312e+01 5.620000000000000000e+04
5.629999923706054688e+01 5.630000000000000000e+04
5.640000152587890625e+01 5.640000000000000000e+04
5.650000000000000000e+01 5.650000000000000000e+04
5.659999847412109375e+01 5.660000000000000000e+04
5.670000076293945312e+01 5.670000000000000000e+04
5.679999923706054688e+01 5.680000000000000000e+04
5.690000152587890625e+01 5.690000000000000000e+04
5.700000000000000000e+01 5.700000000000000000e+04
5.709999847412109375e+01 5.710000000000000000e+04
5.720000076293945312e+01 5.720000000000000000e+04
5.729999923706054688e+01 5.730000000000000000e+04
5.740000152587890625e+01 5.740000000000000000e+04
5.750000000000000000e+01 5.750000000000000000e+04
5.759999847412109375e+01 5.760000000000000000e+04
5.770000076293945312e+01 5.770000000000000000e+04
5.779999923706054688e+01 5.780000000000000000e+04
5.790000152587890625e+01 5.790000000000000000e+04
5.800000000000000000e+01 5.800000000000000000e+04
5.809999847412109375e+01 5.810000000000000000e+04
5.820000076293945312e+01 5.820000000000000000e+04
5.829999923706054688e+01 5.830000000000000000e+04
5.840000152587890625e+01 5.840000000000000000e+04
5.850000000000000000e+01 5.850000000000000000e+04
5.859999847412109375e+01 5.860000000000000000e+04
5.870000076293945312e+01 5.870000000000000000e+04
5.879999923706054688e+01 5.880000000000000000e+04
5.890000152587890625e+01 5.890000000000000000e+04
5.900000000000000000e+01 5.900000000000000000e+04
5.909999847412109375e+01 5.910000000000000000e+04
5.920000076293945312e+01 5.920000000000000000e+04
5.929999923706054688e+01 5.930000000000000000e+04
5.940000152587890625e+01 5.940000000000000000e+04
5.950000000000000000e+01 5.950000000000000000e+04
5.959999847412109375e+01 5.960000000000000000e+04
5.970000076293945312e+01 5.970000000000000000e+04
5.979999923706054688e+01 5.980000000000000000e+04
5.990000152587890625e+01 5.990000000000000000e+04
6.000000000000000000e+01 6.000000000000000000e+04
6.009999847412109375e+01 6.010000000000000000e+04
6.020000076293945312e+01 6.020000000000000000e+04
6.029999923706054688e+01 6.030000000000000000e+04
6.040000152587890625e+01 6.040000000000000000e+04
6.050000000000000000e+01 6.050000000000000000e+04
6.059999847412109375e+01 6.060000000000000000e+04
6.070000076293945312e+01 6.070000000000000000e+04
6.079999923706054688e+01 6.080000000000000000e+04
6.090000152587890625e+01 6.090000000000000000e+04
6.100000000000000000e+01 6.100000000000000000e+04
6.109999847412109375e+01 6.110000000000000000e+04
6.120000076293945312e+01 6.120000000000000000e+04
6.129999923706054688e+01 6.130000000000000000e+04
6.140000152587890625e+01 6.140000000000000000e+04
6.150000000000000000e+01 6.150000000000000000e+04
6.159999847412109375e+01 6.160000000000000000e+04
6.170000076293945312e+01 6.170000000000000000e+04
6.179999923706054688e+01 6.180000000000000000e+04
6.190000152587890625e+01 6.190000000000000000e+04
6.200000000000000000e+01 6.200000000000000000e+04
6.209999847412109375e+01 6.210000000000000000e+04
6.220000076293945312e+01 6.220000000000000000e+04
6.229999923706054688e+01 6.230000000000000000e+04
6.240000152587890625e+01 6.240000000000000000e+04
6.250000000000000000e+01 6.250000000000000000e+04
6.259999847412109375e+01 6.260000000000000000e+04
6.270000076293945312e+01 6.270000000000000000e+04
6.279999923706054688e+01 6.280000000000000000e+04
6.290000152587890625e+01 6.290000000000000000e+04
6.300000000000000000e+01 6.300000000000000000e+04
6.309999847412109375e+01 6.310000000000000000e+04
6.320000076293945312e+01 6.320000000000000000e+04
6.329999923706054688e+01 6.330000000000000000e+04
6.340000152587890625e+01 6.340000000000000000e+04
6.350000000000000000e+01 6.350000000000000000e+04
6.359999847412109375e+01 6.360000000000000000e+04
6.370000076293945312e+01 6.370000000000000000e+04
6.379999923706054688e+01 6.380000000000000000e+04
6.390000152587890625e+01 6.390000000000000000e+04
6.400000000000000000e+01 6.400000000000000000e+04
6.409999847412109375e+01 6.410000000000000000e+04
6.419999694824218750e+01 6.420000000000000000e+04
6.430000305175781250e+01 6.430000000000000000e+04
6.440000152587890625e+01 6.440000000000000000e+04
6.450000000000000000e+01 6.450000000000000000e+04
6.459999847412109375e+01 6.460000000000000000e+04
6.469999694824218750e+01 6.470000000000000000e+04
6.480000305175781250e+01 6.480000000000000000e+04
6.490000152587890625e+01 6.490000000000000000e+04
6.500000000000000000e+01 6.500000000000000000e+04
6.509999847412109375e+01 6.510000000000000000e+04
6.519999694824218750e+01 6.520000000000000000e+04
6.530000305175781250e+01 6.530000000000000000e+04
6.540000152587890625e+01 6.540000000000000000e+04
6.550000000000000000e+01 6.550000000000000000e+04
6.559999847412109375e+01 6.560000000000000000e+04
6.569999694824218750e+01 6.570000000000000000e+04
6.580000305175781250e+01 6.580000000000000000e+04
6.590000152587890625e+01 6.590000000000000000e+04
6.600000000000000000e+01 6.600000000000000000e+04
6.609999847412109375e+01 6.610000000000000000e+04
6.619999694824218750e+01 6.620000000000000000e+04
6.630000305175781250e+01 6.630000000000000000e+04
6.640000152587890625e+01 6.640000000000000000e+04
6.650000000000000000e+01 6.650000000000000000e+04
6.659999847412109375e+01 6.660000000000000000e+04
6.669999694824218750e+01 6.670000000000000000e+04
6.680000305175781250e+01 6.680000000000000000e+04
6.690000152587890625e+01 6.690000000000000000e+04
6.700000000000000000e+01 6.700000000000000000e+04
6.709999847412109375e+01 6.710000000000000000e+04
6.719999694824218750e+01 6.720000000000000000e+04
6.730000305175781250e+01 6.730000000000000000e+04
6.740000152587890625e+01 6.740000000000000000e+04
6.750000000000000000e+01 6.750000000000000000e+04
6.759999847412109375e+01 6.760000000000000000e+04
6.769999694824218750e+01 6.770000000000000000e+04
6.780000305175781250e+01 6.780000000000000000e+04
6.790000152587890625e+01 6.790000000000000000e+04
6.800000000000000000e+01 6.800000000000000000e+04
6.809999847412109375e+01 6.810000000000000000e+04
6.819999694824218750e+01 6.820000000000000000e+04
6.830000305175781250e+01 6.830000000000000000e+04
6.840000152587890625e+01 6.840000000000000000e+04
6.850000000000000000e+01 6.850000000000000000e+04
6.859999847412109375e+01 6.860000000000000000e+04
6.869999694824218750e+01 6.870000000000000000e+04
6.880000305175781250e+01 6.880000000000000000e+04
6.890000152587890625e+01 6.890000000000000000e+04
6.900000000000000000e+01 6.900000000000000000e+04
6.909999847412109375e+01 6.910000000000000000e+04
6.919999694824218750e+01 6.920000000000000000e+04
6.930000305175781250e+01 6.930000000000000000e+04
6.940000152587890625e+01 6.940000000000000000e+04
6.950000000000000000e+01 6.950000000000000000e+04
6.959999847412109375e+01 6.960000000000000000e+04
6.969999694824218750e+01 6.970000000000000000e+04
6.980000305175781250e+01 6.980000000000000000e+04
6.990000152587890625e+01 6.990000000000000000e+04
7.000000000000000000e+01 7.000000000000000000e+04
7.009999847412109375e+01 7.010000000000000000e+04
7.019999694824218750e+01 7.020000000000000000e+04
7.030000305175781250e+01 7.030000000000000000e+04
7.040000152587890625e+01 7.040000000000000000e+04
7.050000000000000000e+01 7.050000000000000000e+04
7.059999847412109375e+01 7.060000000000000000e+04
7.069999694824218750e+01 7.070000000000000000e+04
7.080000305175781250e+01 7.080000000000000000e+04
7.090000152587890625e+01 7.090000000000000000e+04
7.100000000000000000e+01 7.100000000000000000e+04
7.109999847412109375e+01 7.110000000000000000e+04
7.119999694824218750e+01 7.120000000000000000e+04
7.130000305175781250e+01 7.130000000000000000e+04
7.140000152587890625e+01 7.140000000000000000e+04
7.150000000000000000e+01 7.150000000000000000e+04
7.159999847412109375e+01 7.160000000000000000e+04
7.169999694824218750e+01 7.170000000000000000e+04
7.180000305175781250e+01 7.180000000000000000e+04
7.190000152587890625e+01 7.190000000000000000e+04
7.200000000000000000e+01 7.200000000000000000e+04
7.209999847412109375e+01 7.210000000000000000e+04
7.219999694824218750e+01 7.220000000000000000e+04
7.230000305175781250e+01 7.230000000000000000e+04
7.240000152587890625e+01 7.240000000000000000e+04
7.250000000000000000e+01 7.250000000000000000e+04
7.259999847412109375e+01 7.260000000000000000e+04
7.269999694824218750e+01 7.270000000000000000e+04
7.280000305175781250e+01 7.280000000000000000e+04
7.290000152587890625e+01 7.290000000000000000e+04
7.300000000000000000e+01 7.300000000000000000e+04
7.309999847412109375e+01 7.310000000000000000e+04
7.319999694824218750e+01 7.320000000000000000e+04
7.330000305175781250e+01 7.330000000000000000e+04
7.340000152587890625e+01 7.340000000000000000e+04
7.350000000000000000e+01 7.350000000000000000e+04
7.359999847412109375e+01 7.360000000000000000e+04
7.369999694824218750e+01 7.370000000000000000e+04
7.380000305175781250e+01 7.380000000000000000e+04
7.390000152587890625e+01 7.390000000000000000e+04
7.400000000000000000e+01 7.400000000000000000e+04
7.409999847412109375e+01 7.410000000000000000e+04
7.419999694824218750e+01 7.420000000000000000e+04
7.430000305175781250e+01 7.430000000000000000e+04
7.440000152587890625e+01 7.440000000000000000e+04
7.450000000000000000e+01 7.450000000000000000e+04
7.459999847412109375e+01 7.460000000000000000e+04
7.469999694824218750e+01 7.470000000000000000e+04
7.480000305175781250e+01 7.480000000000000000e+04
7.490000152587890625e+01 7.490000000000000000e+04
7.500000000000000000e+01 7.500000000000000000e+04
7.509999847412109375e+01 7.510000000000000000e+04
7.519999694824218750e+01 7.520000000000000000e+04
7.530000305175781250e+01 7.530000000000000000e+04
7.540000152587890625e+01 7.540000000000000000e+04
7.550000000000000000e+01 7.550000000000000000e+04
7.559999847412109375e+01 7.560000000000000000e+04
7.569999694824218750e+01 7.570000000000000000e+04
7.580000305175781250e+01 7.580000000000000000e+04
7.590000152587890625e+01 7.590000000000000000e+04
7.600000000000000000e+01 7.600000000000000000e+04
7.609999847412109375e+01 7.610000000000000000e+04
7.619999694824218750e+01 7.620000000000000000e+04
7.630000305175781250e+01 7.630000000000000000e+04
7.640000152587890625e+01 7.640000000000000000e+04
7.650000000000000000e+01 7.650000000000000000e+04
7.659999847412109375e+01 7.660000000000000000e+04
7.669999694824218750e+01 7.670000000000000000e+04
7.680000305175781250e+01 7.680000000000000000e+04
7.690000152587890625e+01 7.690000000000000000e+04
7.700000000000000000e+01 7.700000000000000000e+04
7.709999847412109375e+01 7.710000000000000000e+04
7.719999694824218750e+01 7.720000000000000000e+04
7.730000305175781250e+01 7.730000000000000000e+04
7.740000152587890625e+01 7.740000000000000000e+04
7.750000000000000000e+01 7.750000000000000000e+04
7.759999847412109375e+01 7.760000000000000000e+04
7.769999694824218750e+01 7.770000000000000000e+04
7.780000305175781250e+01 7.780000000000000000e+04
7.790000152587890625e+01 7.790000000000000000e+04
7.800000000000000000e+01 7.800000000000000000e+04
7.809999847412109375e+01 7.810000000000000000e+04
7.819999694824218750e+01 7.820000000000000000e+04
7.830000305175781250e+01 7.830000000000000000e+04
7.840000152587890625e+01 7.840000000000000000e+04
7.850000000000000000e+01 7.850000000000000000e+04
7.859999847412109375e+01 7.860000000000000000e+04
7.869999694824218750e+01 7.870000000000000000e+04
7.880000305175781250e+01 7.880000000000000000e+04
7.890000152587890625e+01 7.890000000000000000e+04
7.900000000000000000e+01 7.900000000000000000e+04
7.909999847412109375e+01 7.910000000000000000e+04
7.919999694824218750e+01 7.920000000000000000e+04
7.930000305175781250e+01 7.930000000000000000e+04
7.940000152587890625e+01 7.940000000000000000e+04
7.950000000000000000e+01 7.950000000000000000e+04
7.959999847412109375e+01 7.960000000000000000e+04
7.969999694824218750e+01 7.970000000000000000e+04
7.980000305175781250e+01 7.980000000000000000e+04
7.990000152587890625e+01 7.990000000000000000e+04
8.000000000000000000e+01 8.000000000000000000e+04
8.009999847412109375e+01 8.010000000000000000e+04
8.019999694824218750e+01 8.020000000000000000e+04
8.030000305175781250e+01 8.030000000000000000e+04
8.040000152587890625e+01 8.040000000000000000e+04
8.050000000000000000e+01 8.050000000000000000e+04
8.059999847412109375e+01 8.060000000000000000e+04
8.069999694824218750e+01 8.070000000000000000e+04
8.080000305175781250e+01 8.080000000000000000e+04
8.090000152587890625e+01 8.090000000000000000e+04
8.100000000000000000e+01 8.100000000000000000e+04
8.109999847412109375e+01 8.110000000000000000e+04
8.119999694824218750e+01 8.120000000000000000e+04
8.130000305175781250e+01 8.130000000000000000e+04
8.140000152587890625e+01 8.140000000000000000e+04
8.150000000000000000e+01 8.150000000000000000e+04
8.159999847412109375e+01 8.160000000000000000e+04
8.169999694824218750e+01 8.170000000000000000e+04
8.180000305175781250e+01 8.180000000000000000e+04
8.190000152587890625e+01 8.190000000000000000e+04
8.200000000000000000e+01 8.200000000000000000e+04
8.209999847412109375e+01 8.210000000000000000e+04
8.219999694824218750e+01 8.220000000000000000e+04
8.230000305175781250e+01 8.230000000000000000e+04
8.240000152587890625e+01 8.240000000000000000e+04
8.250000000000000000e+01 8.250000000000000000e+04
8.259999847412109375e+01 8.260000000000000000e+04
8.269999694824218750e+01 8.270000000000000000e+04
8.280000305175781250e+01 8.280000000000000000e+04
8.290000152587890625e+01 8.290000000000000000e+04
8.300000000000000000e+01 8.300000000000000000e+04
8.309999847412109375e+01 8.310000000000000000e+04
8.319999694824218750e+01 8.320000000000000000e+04
8.330000305175781250e+01 8.330000000000000000e+04
8.340000152587890625e+01 8.340000000000000000e+04
8.350000000000000000e+01 8.350000000000000000e+04
8.359999847412109375e+01 8.360000000000000000e+04
8.369999694824218750e+01 8.370000000000000000e+04
8.380000305175781250e+01 8.380000000000000000e+04
8.390000152587890625e+01 8.390000000000000000e+04
8.400000000000000000e+01 8.400000000000000000e+04
8.409999847412109375e+01 8.410000000000000000e+04
8.419999694824218750e+01 8.420000000000000000e+04
8.430000305175781250e+01 8.430000000000000000e+04
8.440000152587890625e+01 8.440000000000000000e+04
8.450000000000000000e+01 8.450000000000000000e+04
8.459999847412109375e+01 8.460000000000000000e+04
8.469999694824218750e+01 8.470000000000000000e+04
8.480000305175781250e+01 8.480000000000000000e+04
8.490000152587890625e+01 8.490000000000000000e+04
8.500000000000000000e+01 8.500000000000000000e+04
8.509999847412109375e+01 8.510000000000000000e+04
8.519999694824218750e+01 8.520000000000000000e+04
8.530000305175781250e+01 8.530000000000000000e+04
8.540000152587890625e+01 8.540000000000000000e+04
8.550000000000000000e+01 8.550000000000000000e+04
8.559999847412109375e+01 8.560000000000000000e+04
8.569999694824218750e+01 8.570000000000000000e+04
8.580000305175781250e+01 8.580000000000000000e+04
8.590000152587890625e+01 8.590000000000000000e+04
8.600000000000000000e+01 8.600000000000000000e+04
8.609999847412109375e+01 8.610000000000000000e+04
8.619999694824218750e+01 8.620000000000000000e+04
8.630000305175781250e+01 8.630000000000000000e+04
8.640000152587890625e+01 8.640000000000000000e+04
8.650000000000000000e+01 8.650000000000000000e+04
8.659999847412109375e+01 8.660000000000000000e+04
8.669999694824218750e+01 8.670000000000000000e+04
8.680000305175781250e+01 8.680000000000000000e+04
8.690000152587890625e+01 8.690000000000000000e+04
8.700000000000000000e+01 8.700000000000000000e+04
8.709999847412109375e+01 8.710000000000000000e+04
8.719999694824218750e+01 8.720000000000000000e+04
8.730000305175781250e+01 8.730000000000000000e+04
8.740000152587890625e+01 8.740000000000000000e+04
8.750000000000000000e+01 8.750000000000000000e+04
8.759999847412109375e+01 8.760000000000000000e+04
8.769999694824218750e+01 8.770000000000000000e+04
8.780000305175781250e+01 8.780000000000000000e+04
8.790000152587890625e+01 8.790000000000000000e+04
8.800000000000000000e+01 8.800000000000000000e+04
8.809999847412109375e+01 8.810000000000000000e+04
8.819999694824218750e+01 8.820000000000000000e+04
8.830000305175781250e+01 8.830000000000000000e+04
8.840000152587890625e+01 8.840000000000000000e+04
8.850000000000000000e+01 8.850000000000000000e+04
8.859999847412109375e+01 8.860000000000000000e+04
8.869999694824218750e+01 8.870000000000000000e+04
8.880000305175781250e+01 8.880000000000000000e+04
8.890000152587890625e+01 8.890000000000000000e+04
8.900000000000000000e+01 8.900000000000000000e+04
8.909999847412109375e+01 8.910000000000000000e+04
8.919999694824218750e+01 8.920000000000000000e+04
8.930000305175781250e+01 8.930000000000000000e+04
8.940000152587890625e+01 8.940000000000000000e+04
8.950000000000000000e+01 8.950000000000000000e+04
8.959999847412109375e+01 8.960000000000000000e+04
8.969999694824218750e+01 8.970000000000000000e+04
8.980000305175781250e+01 8.980000000000000000e+04
8.990000152587890625e+01 8.990000000000000000e+04
9.000000000000000000e+01 9.000000000000000000e+04
9.009999847412109375e+01 9.010000000000000000e+04
9.019999694824218750e+01 9.020000000000000000e+04
9.030000305175781250e+01 9.030000000000000000e+04
9.040000152587890625e+01 9.040000000000000000e+04
9.050000000000000000e+01 9.050000000000000000e+04
9.059999847412109375e+01 9.060000000000000000e+04
9.069999694824218750e+01 9.070000000000000000e+04
9.080000305175781250e+01 9.080000000000000000e+04
9.090000152587890625e+01 9.090000000000000000e+04
9.100000000000000000e+01 9.100000000000000000e+04
9.109999847412109375e+01 9.110000000000000000e+04
9.119999694824218750e+01 9.120000000000000000e+04
9.130000305175781250e+01 9.130000000000000000e+04
9.140000152587890625e+01 9.140000000000000000e+04
9.150000000000000000e+01 9.150000000000000000e+04
9.159999847412109375e+01 9.160000000000000000e+04
9.169999694824218750e+01 9.170000000000000000e+04
9.180000305175781250e+01 9.180000000000000000e+04
9.190000152587890625e+01 9.190000000000000000e+04
9.200000000000000000e+01 9.200000000000000000e+04
9.209999847412109375e+01 9.210000000000000000e+04
9.219999694824218750e+01 9.220000000000000000e+04
9.230000305175781250e+01 9.230000000000000000e+04
9.240000152587890625e+01 9.240000000000000000e+04
9.250000000000000000e+01 9.250000000000000000e+04
9.259999847412109375e+01 9.260000000000000000e+04
9.269999694824218750e+01 9.270000000000000000e+04
9.280000305175781250e+01 9.280000000000000000e+04
9.290000152587890625e+01 9.290000000000000000e+04
9.300000000000000000e+01 9.300000000000000000e+04
9.309999847412109375e+01 9.310000000000000000e+04
9.319999694824218750e+01 9.320000000000000000e+04
9.330000305175781250e+01 9.330000000000000000e+04
9.340000152587890625e+01 9.340000000000000000e+04
9.350000000000000000e+01 9.350000000000000000e+04
9.359999847412109375e+01 9.360000000000000000e+04
9.369999694824218750e+01 9.370000000000000000e+04
9.380000305175781250e+01 9.380000000000000000e+04
9.390000152587890625e+01 9.390000000000000000e+04
9.400000000000000000e+01 9.400000000000000000e+04
9.409999847412109375e+01 9.410000000000000000e+04
9.419999694824218750e+01 9.420000000000000000e+04
9.430000305175781250e+01 9.430000000000000000e+04
9.440000152587890625e+01 9.440000000000000000e+04
9.450000000000000000e+01 9.450000000000000000e+04
9.459999847412109375e+01 9.460000000000000000e+04
9.469999694824218750e+01 9.470000000000000000e+04
9.480000305175781250e+01 9.480000000000000000e+04
9.490000152587890625e+01 9.490000000000000000e+04
9.500000000000000000e+01 9.500000000000000000e+04
9.509999847412109375e+01 9.510000000000000000e+04
9.519999694824218750e+01 9.520000000000000000e+04
9.530000305175781250e+01 9.530000000000000000e+04
9.540000152587890625e+01 9.540000000000000000e+04
9.550000000000000000e+01 9.550000000000000000e+04
9.559999847412109375e+01 9.560000000000000000e+04
9.569999694824218750e+01 9.570000000000000000e+04
9.580000305175781250e+01 9.580000000000000000e+04
9.590000152587890625e+01 9.590000000000000000e+04
9.600000000000000000e+01 9.600000000000000000e+04
9.609999847412109375e+01 9.610000000000000000e+04
9.619999694824218750e+01 9.620000000000000000e+04
9.630000305175781250e+01 9.630000000000000000e+04
9.640000152587890625e+01 9.640000000000000000e+04
9.650000000000000000e+01 9.650000000000000000e+04
9.659999847412109375e+01 9.660000000000000000e+04
9.669999694824218750e+01 9.670000000000000000e+04
9.680000305175781250e+01 9.680000000000000000e+04
9.690000152587890625e+01 9.690000000000000000e+04
9.700000000000000000e+01 9.700000000000000000e+04
9.709999847412109375e+01 9.710000000000000000e+04
9.719999694824218750e+01 9.720000000000000000e+04
9.730000305175781250e+01 9.730000000000000000e+04
9.740000152587890625e+01 9.740000000000000000e+04
9.750000000000000000e+01 9.750000000000000000e+04
9.759999847412109375e+01 9.760000000000000000e+04
9.769999694824218750e+01 9.770000000000000000e+04
9.780000305175781250e+01 9.780000000000000000e+04
9.790000152587890625e+01 9.790000000000000000e+04
9.800000000000000000e+01 9.800000000000000000e+04
9.809999847412109375e+01 9.810000000000000000e+04
9.819999694824218750e+01 9.820000000000000000e+04
9.830000305175781250e+01 9.830000000000000000e+04
9.840000152587890625e+01 9.840000000000000000e+04
9.850000000000000000e+01 9.850000000000000000e+04
9.859999847412109375e+01 9.860000000000000000e+04
9.869999694824218750e+01 9.870000000000000000e+04
9.880000305175781250e+01 9.880000000000000000e+04
9.890000152587890625e+01 9.890000000000000000e+04
9.900000000000000000e+01 9.900000000000000000e+04
9.909999847412109375e+01 9.910000000000000000e+04
9.919999694824218750e+01 9.920000000000000000e+04
9.930000305175781250e+01 9.930000000000000000e+04
9.940000152587890625e+01 9.940000000000000000e+04
9.950000000000000000e+01 9.950000000000000000e+04
9.959999847412109375e+01 9.960000000000000000e+04
9.969999694824218750e+01 9.970000000000000000e+04
9.980000305175781250e+01 9.980000000000000000e+04
9.990000152587890625e+01 9.990000000000000000e+04
1.000000000000000000e+02 1.000000000000000000e+05
